free_thresh: 0.196
image: rrl_custom_small.pgm
negate: 0
occupied_thresh: 0.65
origin: [-13.800000, -1.000000, 0.000000]
resolution: 0.050000

